AAE 9 0 7 0 2 0 0 0 1593378 0 1 0 0 1 0
ACGAN 18 10 1 0 7 2307 5 3 4276739 0 1 1 0 1 0
ADAGAN_C 35 14 13 1 7 4131 9 3 9416196 0 1 1 0 1 0
ADAGAN_P 35 14 13 1 7 4131 9 3 9416196 0 1 1 0 1 0
ADV_FACES 45 23 1 1 20 2627 4 6 30000000 1 1 1 0 1 0
ALAE 33 25 8 0 0 4094 3 8 50200000 1 2 2 1 0 1
BEGAN 10 9 1 0 0 515 2 4 7278472 0 1 0 0 0 0
BETA_B 7 4 3 0 0 99 1 3 469173 4 2 1 0 1 1
BETA_H 7 4 3 0 0 99 1 3 469173 4 3 1 0 1 1
BETA_TCVAE 7 4 3 0 0 99 1 3 469173 4 2 1 0 1 1
BGAN 8 0 5 0 3 0 2 3 1757412 0 1 2 0 0 0
BICYCLE_GAN 25 14 1 0 10 4483 2 10 23680256 0 1 1 0 0 0
BIGGAN_128 63 21 1 0 41 6123 6 10 50400000 0 1 1 1 1 1
BIGGAN_256 75 25 1 0 49 7215 6 12 55900000 0 1 1 1 1 1
BIGGAN_512 87 29 1 0 57 8365 6 14 56200000 0 1 1 1 1 1
CADGAN 8 4 1 0 3 451 3 2 3812355 0 1 1 0 1 1
CCGAN 22 12 0 0 10 3203 2 9 29257731 0 1 1 1 1 1
CGAN 8 0 5 0 3 0 2 3 1757412 0 1 2 0 0 0
COCO_GAN 19 9 1 0 9 2883 3 4 50000000 0 1 1 0 0 0
COGAN 9 5 0 0 4 259 2 2 1126790 0 1 2 0 1 1
COLOUR_GAN 19 10 0 0 9 2435 2 9 19422404 0 1 1 0 1 1
CONT_ENC 19 11 0 0 8 5987 2 8 40401187 0 1 2 0 1 1
CONTRAGAN 35 14 13 1 7 4131 9 3 9416196 0 1 1 0 1 0
COUNCIL_GAN 62 30 3 0 29 6214 2 10 69616944 1 1 1 0 1 0
CRAMER_GAN 9 4 1 0 4 454 2 3 9681284 0 1 1 0 1 0
CRGAN_C 35 14 13 1 7 4131 9 3 9416196 0 1 1 0 1 0
CRGAN_P 35 14 13 1 7 4131 9 3 9416196 0 1 1 0 1 0
CYCLEGAN 47 24 0 0 23 2947 4 9 11378179 1 1 1 1 1 1
DAGAN_C 35 14 13 1 7 4131 9 3 9416196 0 3 1 0 1 0
DAGAN_P 35 14 13 1 7 4131 9 3 9416196 0 1 1 0 1 0
DCGAN 9 4 1 0 4 454 2 3 9681284 0 1 1 0 1 0
DEEPFOOL 97 92 1 2 2 7236 4 10 22000000 2 0 1 1 0 0
DFCVAE 45 22 2 0 21 4227 4 7 2546234 0 3 2 0 0 1
DISCOGAN 21 12 0 0 9 3459 2 9 29241731 1 1 2 1 1 1
DRGAN 44 28 1 1 14 4481 3 8 18885068 0 1 0 0 1 1
DRIT 19 10 0 0 9 1793 4 3 9564170 1 1 1 1 1 1
DUALGAN 25 14 1 0 10 4483 2 10 23680256 0 1 1 0 0 0
EBGAN 6 3 1 0 2 195 2 2 738433 0 1 2 0 0 1
ESRGAN 68 66 0 0 2 4547 5 4 7012163 2 2 2 1 0 0
FACTOR_VAE 7 4 3 0 0 99 1 3 469173 4 3 1 0 1 1
FASTPIXEL 17 9 0 0 8 768 2 8 4600000 0 3 0 0 1 0
FFGAN 39 19 1 1 19 3261 0 0 50000000 0 1 1 1 1 1
FGAN 5 0 3 0 2 0 2 2 2256401 0 3 1 0 1 0
FGAN_KL 5 0 3 0 2 0 2 2 2256401 0 3 1 0 1 0
FGAN_NEYMAN 5 0 3 0 2 0 2 2 2256401 0 3 1 0 1 0
FGAN_PEARSON 5 0 3 0 2 0 2 2 2256401 0 3 1 0 1 0
FGSM 97 92 1 2 2 7236 4 10 22000000 2 0 1 1 0 0
FPGAN 23 12 0 0 11 2179 2 6 53192576 1 1 1 0 0 1
FSGAN 37 20 0 1 16 2863 4 8 94669184 0 0 1 1 1 1
FVBN 28 0 28 0 0 0 1 1 307721 2 3 0 0 1 0
GAN_ANIME 25 18 0 0 7 2179 4 6 8467854 1 1 1 0 1 1
GATED_PIXEL_CNN 32 32 0 0 0 5433 3 10 3364161 2 3 2 1 1 0
GDWCT 79 27 40 1 11 5699 2 4 51965832 1 1 1 0 0 1
GFLM 97 92 1 2 2 7236 4 10 22000000 2 0 1 1 0 0
GGAN 8 4 1 0 3 451 3 2 3812355 0 1 1 0 1 1
ICRGAN_C 35 14 13 1 7 4131 9 3 9416196 0 1 1 0 1 0
ICRGAN_P 35 14 13 1 7 4131 9 3 9416196 0 1 1 0 1 0
IMAGE_GPT 59 42 0 0 17 4673 7 8 401489 0 3 2 1 1 1
INFOGAN 7 3 1 0 3 195 2 2 1049985 0 1 2 0 0 1
LAPGAN 14 6 5 0 3 262 4 2 2182857 2 1 1 1 1 0
LMCONV 105 60 10 35 0 7156 15 5 46000000 2 3 0 1 1 1
LOGAN 35 14 13 1 7 4131 9 3 9416196 0 1 1 0 1 0
LSGAN 9 5 0 0 4 1923 2 4 23909265 0 1 1 0 0 0
MADE 2 0 2 0 0 0 1 2 12552784 2 3 0 0 1 0
MAGAN 9 5 0 0 4 963 2 3 11140934 0 1 1 0 1 0
MEMGAN 14 7 1 0 6 1155 3 4 4128515 0 1 1 0 1 0
MMD_GAN 9 4 1 0 4 454 2 3 9681284 0 1 1 0 1 0
MRGAN 9 4 1 0 4 451 3 2 15038350 0 1 1 0 1 0
MSG_STYLE_GAN 33 25 8 0 0 4094 3 8 50200000 1 2 2 1 0 1
MUNIT 18 15 0 0 3 3715 2 6 10305035 1 0 1 1 1 1
NADE 1 0 1 0 0 0 1 1 785284 2 3 0 0 1 0
OCFGAN 9 4 1 0 4 454 2 3 9681284 0 1 1 0 1 0
PGD 97 92 1 2 2 7236 4 10 22000000 2 0 1 1 0 0
PIX2PIX 29 16 0 0 13 5507 2 13 54404099 1 1 2 1 1 1
PIXELCNN 17 9 0 0 8 768 2 8 4600000 0 3 0 0 1 0
PIXELCNN_PP 105 60 10 35 0 7156 15 5 46000000 2 3 0 1 1 1
PIXELDA 27 14 1 0 12 835 4 6 483715 0 1 1 1 0 0
PIXELSNAIL 90 90 0 0 0 4051 3 10 40000000 2 0 3 0 1 0
PROG_GAN 26 25 1 0 0 4600 3 8 46200000 0 3 3 0 0 1
RGAN 7 3 1 0 3 195 2 2 1049985 0 1 2 0 0 1
RSGAN_HALF 8 4 1 0 3 899 3 2 13129731 0 1 1 0 1 0
RSGAN_QUAR 8 4 1 0 3 451 3 2 3812355 0 1 1 0 1 0
RSGAN_REG 8 4 1 0 3 1795 3 2 48279555 0 1 1 0 1 0
RSGAN_RES_BOT 15 7 1 0 7 963 3 4 758467 0 1 1 1 1 0
RSGAN_RES_HALF 15 7 1 0 7 1155 3 4 1201411 0 1 1 1 1 0
RSGAN_RES_QUAR 15 7 1 0 7 579 3 4 367235 0 1 1 1 1 0
RSGAN_RES_REG 15 7 1 0 7 2307 3 4 4270595 0 1 1 1 1 0
SAGAN 11 6 1 0 4 139 2 4 16665286 0 1 2 0 0 0
SEAN 19 16 0 0 0 5062 2 7 266907367 3 1 1 0 1 0
SEMANTIC 23 12 0 0 11 2179 2 6 53192576 1 1 1 0 0 1
SGAN 7 3 1 0 3 195 2 2 1049985 0 1 2 0 0 1
SNGAN 23 11 1 0 11 3871 4 5 10000000 0 1 1 0 1 0
SOFT_GAN 8 0 5 0 3 0 2 3 1757412 0 1 2 0 0 0
SRFLOW 66 66 0 0 2 4547 5 4 7012163 2 2 0 1 0 0
SRRNET 74 36 1 0 37 2819 4 16 4069955 0 1 1 0 1 1
STANDARD_VAE 7 4 3 0 0 99 1 3 469173 4 3 1 0 1 1
STARGAN 23 12 0 0 11 2179 2 6 53192576 1 1 1 0 0 1
STARGAN_2 67 26 12 4 25 4188 4 12 94008488 1 2 2 0 0 1
STGAN 19 10 0 0 9 2953 2 5 25000000 0 1 2 1 1 1
STYLEGAN 33 25 8 0 0 4094 3 8 50200000 1 2 2 1 0 1
STYLEGAN_2 33 25 8 0 0 4094 3 8 59000000 1 2 2 1 0 1
STYLEGAN_ADA 33 25 8 0 0 4094 3 8 59000000 1 2 2 1 0 1
SURVAE_FLOW_MAXPOOL 95 90 0 5 0 6542 2 20 25000000 2 0 0 0 0 0
SURVAE_FLOW_NONPOOL 90 90 0 0 0 6542 2 20 25000000 2 0 0 0 0 0
TPGAN 45 31 2 1 11 5275 0 0 27233200 0 3 3 0 1 1
UGAN 9 4 1 0 4 771 2 3 4850692 0 3 1 0 1 0
UNIT 43 22 0 0 21 4739 4 8 13131779 1 3 1 1 1 1
VAE_FIELD 6 0 6 0 0 0 1 3 300304 2 3 0 0 0 0
VAE_FLOW 14 0 14 0 0 0 2 4 760448 2 3 0 0 0 0
VAE_GAN 17 7 2 0 8 867 2 6 26396740 0 3 1 0 0 1
VDVAE 48 42 0 6 0 3502 3 13 41000000 2 0 2 1 1 1
WGAN 9 5 0 0 4 1923 2 4 23909265 0 3 1 0 0 0
WGAN_DRA 18 10 1 0 7 2307 5 3 4276739 0 3 1 0 1 0
WGAN_WC 18 10 1 0 7 2307 5 3 4276739 0 3 1 0 1 0
WGANGP 9 5 0 0 4 1923 2 4 23905841 0 3 1 0 0 0
YLG 33 20 1 2 10 5155 5 5 42078852 0 3 1 1 1 1
DIFF_PGAN 45 20 0 3 13 999999 11 4 105684175 0 3 4 1 1 0
DIFF_SGAN 48 20 28 0 8 999999 8 6 24767458 0 3 4 1 1 0
DIFF_ISGEN 88 24 56 0 8 999999 8 6 30276583 0 3 5 1 1 0
DDPM_32 164 89 24 0 51 999999 28 7 35746307 1 5 2 1 1 1
DDPM_256 225 120 34 0 71 999999 39 7 113673219 1 4 2 1 1 1
IDDPM_32 193 85 32 0 76 999999 45 2 52546438 3 4 5 1 1 1
IDDPM_64 195 87 32 0 76 999999 45 2 273049350 3 4 5 1 1 1
IDDPM_256 201 96 34 0 71 999999 40 5 113676678 3 4 5 1 1 1
ADM_G_64 227 93 38 6 96 999999 36 6 295904454 3 4 5 1 1 0
ADM_G_128 223 90 37 8 88 999999 34 7 421529606 3 4 5 1 1 1
ADM_G_256 266 107 45 11 103 999999 39 7 553838086 3 4 5 1 1 1
ADM_G_512 302 124 51 12 115 999999 44 7 558997638 3 4 5 1 1 1
DIFFAE 712 263 171 45 233 999999 118 7 336984582 1 4 5 1 1 1
DIFFAE_LATENT 717 264 172 46 235 999999 155 6 445203974 1 4 5 1 1 1
GLIDE 331 93 103 6 129 999999 74 5 385030726 1 4 5 1 1 1
LDM 255 127 24 0 104 999999 65 4 329378945 1 4 5 1 1 1
LDM_CON 503 159 184 8 152 999999 65 8 456755873 1 4 5 1 1 1
DDiFFGAN_32 289 80 91 0 118 999999 40 2 48432515 1 4 5 1 1 1
DDiFFGAN_256 427 121 132 0 174 999999 56 7 39726979 1 4 5 1 1 1
SDEDIT 226 120 34 0 72 999999 38 3 113673219 4 5 2 1 1 1
CONTROLNET 427 121 132 0 174 999999 56 7 39726979 4 4 2 1 1 1
STABLE_DM_15 503 159 184 8 152 999999 65 8 456755873 1 4 2 1 1 1
STABLE_DM_XL 601 184 201 12 185 999999 74 9 618997638 1 4 2 1 1 1
STABLE_DM_21 503 159 184 8 152 999999 65 8 456755873 1 4 2 1 1 1